070801010702
070801040601
070801041101
102802010209
102802010107
102801020302
070801050307
070200070201
071000060803
070801070102
071000080601
071000090707
102300040405
102400010102
102300020304
070801030502
070400080406
070400080602
070801020701
070802020301
070600060403
070200060201
070200080201
071000010203
101702031501
101702031903
101702031502
090201080801
070101070102
090201080901
070102030102
070102070701
070102030503
070102010104
070102060903
070102030301
090203140604
090300091402
090300090202
070101070304
070102020404
070101080302
090203030301
090203060101
090203110202
090203060204
090201070507
090201010407
